0.04087250763750
0.04087250763750
0.04087250763750
0.04087250763750
0.04895000000000
0.04895000000000
0.04895000000000
0.04895000000000
0.04959000000000
0.04959000000000
0.04959000000000
0.04959000000000
0.02616484680000
0.02616484679418
0.02616484679256
0.02616484680162
0.02596421801250
0.02596421800391
0.02596421800598
0.02596421801457
0.00652175648339
0.00652182094263
0.00652197076321
0.00652203522245
0.01224339005648
0.01224339005648
0.01224339005648
0.01224339005648
0.01398039810938
0.01398039810938
0.01398039810938
0.01398039810938
0.02021849958750
0.02021849958750
0.02021849958750
0.02021849958750
0.01374329229100
0.01374329229100
0.01374329229100
0.01374329229100
0.00727793413250
0.00727793413250
0.00727793413250
0.00727793413250
0.02433698160000
0.02433698160000
0.02433698160000
0.02433698160000
0.01374208513750
0.01374208513750
0.01374208513750
0.01374208513750
0.02139553138750
0.02139553138750
0.02139553138750
0.02139553138750
0.01239122646250
0.01239122646250
0.01239122646250
0.01239122646250
0.01502661050000
0.01502661050000
0.01502661050000
0.01502661050000
0.00774573222500
0.00774573222500
0.00774573222500
0.00774573222500
0.00486526375000
0.00486526375000
0.00486526375000
0.00486526375000
0.02401206280000
0.02401206280000
0.02401206280000
0.02401206280000
0.04055794080000
0.04055794080000
0.04055794080000
0.04055794080000
0.02186238820000
0.02186238820000
0.02186238820000
0.02186238820000
0.00155738426875
0.00155738426875
0.00155738426875
0.00155738426875
0.00431831250000
0.00431831250000
0.00431831250000
0.00431831250000
0.00160099766540
0.00159871124217
0.00159786750824
0.00160184139933
0.00645716397500
0.00645716397500
0.00645716397500
0.00645716397500
0.00684207204924
0.00684194060177
0.00684188775704
0.00684212489396
0.00340654221186
0.00340654221186
0.00340654221186
0.00340654221186
0.00342288395750
0.00342288395750
0.00342288395750
0.00342288395750
0.01233636048249
0.01233636048249
0.01233636048249
0.01233636048249
0.01244129897500
0.01244129897500
0.01244129897500
0.01244129897500
0.00153720588750
0.00153720588750
0.00153720588750
0.00153720588750
0.00245560282500
0.00245560282500
0.00245560282500
0.00245560282500
0.00139512216000
0.00139512216000
0.00139512216000
0.00139512216000
0.00061565786044
0.00062086094191
0.00062824309170
0.00063344617318
0.00058302793191
0.00058302793191
0.00058302793191
0.00058302793191
0.00048734616276
0.00047927313473
0.00049152239249
0.00049959542053
0.00041168440184
0.00040951938211
0.00040966871466
0.00041183373439
0.00074740368092
0.00074740368092
0.00074740368092
0.00074740368092
0.00323813822680
0.00323813822680
0.00323813822680
0.00323813822680
0.00146191353392
0.00146279842173
0.00146530827452
0.00146619316232
0.00080976101250
0.00080976101250
0.00080976101250
0.00080976101250
0.00492229364175
0.00492229364175
0.00492229364175
0.00492229364175
0.00266579759750
0.00266579759750
0.00266579759750
0.00266579759750
0.00153552942625
0.00153552942625
0.00153552942625
0.00153552942625
0.00698090096787
0.00698090096788
0.00698090096788
0.00698090096787
0.00124238162000
0.00124238162000
0.00124238162000
0.00124238162000
0.00047450838851
0.00048001572796
0.00048932333486
0.00049483067431
0.00060503226407
0.00060503226407
0.00060503226407
0.00060503226407
0.00639690495000
0.00639690495000
0.00639690495000
0.00639690495000
0.00322885786500
0.00322885786500
0.00322885786500
0.00322885786500
0.00764881222500
0.00764881222500
0.00764881222500
0.00764881222500
0.00451447305000
0.00451447305000
0.00451447305000
0.00451447305000
0.00046823926663
0.00047064881886
0.00046872745638
0.00047016062912
0.00101111839695
0.00101111839695
0.00101111839695
0.00101111839695
0.00067555540896
0.00066987317225
0.00066731035650
0.00067811822471
0.00064977535625
0.00064977535625
0.00064977535625
0.00064977535625
0.00142749828000
0.00142749828000
0.00142749828000
0.00142749828000
0.00245347552500
0.00245347552500
0.00245347552500
0.00245347552500
0.00169905696750
0.00169905696750
0.00169905696750
0.00169905696750
0.00122587173925
0.00122587173925
0.00122587173925
0.00122587173925
0.00220829195250
0.00220829195250
0.00220829195250
0.00220829195250
0.00123695964500
0.00123695964500
0.00123695964500
0.00123695964500
0.00196797390500
0.00196797390500
0.00196797390500
0.00196797390500
0.00394525402500
0.00394525402500
0.00394525402500
0.00394525402500
0.00397486954250
0.00397486954250
0.00397486954250
0.00397486954250
0.00065500132963
0.00066253171181
0.00065336258662
0.00066417045483
0.00059408275635
0.00059408275635
0.00059408275635
0.00059408275635
0.00129362383500
0.00129362383500
0.00129362383500
0.00129362383500
0.00049122919872
0.00049329745807
0.00049088036688
0.00049294862623
0.00104761615339
0.00104761615339
0.00104761615339
0.00104761615339
0.00231259375000
0.00231259375000
0.00231259375000
0.00231259375000
0.00179095592375
0.00179095592375
0.00179095592375
0.00179095592375
0.00050560439516
0.00050205179621
0.00049920921966
0.00049565662070
0.00062744048175
0.00065704912274
0.00064326083289
0.00061365219190
0.00056044824845
0.00056044824845
0.00056044824845
0.00056044824845
0.00044678030689
0.00044689670013
0.00044897905515
0.00044886266192
0.00088426493970
0.00088426493970
0.00088426493970
0.00088426493970
0.00035069280411
0.00035069277288
0.00035069302565
0.00035069299442
0.00045006603195
0.00045178193121
0.00044671747100
0.00044500157174
0.00041095125265
0.00041307820867
0.00041348941563
0.00041054004570
0.00085006750313
0.00085006750313
0.00085006750313
0.00085006750313
0.00041104451284
0.00041216620086
0.00040583655391
0.00040695824193
