0.21323600000000
0.17333622480000
0.20655200000000
0.10807687911627
0.10330811752619
0.02238864288089
0.04585871461943
0.17226377960000
0.05907823397500
0.03346011592500
0.08997142125000
0.04735769140000
0.10380474975000
0.06093524200000
0.08945017905000
0.06203961820000
0.09523760125000
0.08714063755000
0.05918930182500
0.02563750037000
0.00308758194030
0.00710545861000
0.02338768980000
0.02903683400000
0.04774902874511
0.04278618650000
0.02270870313956
0.02970492070000
0.02269017685000
0.01238284062000
0.00631170569350
0.01680344611000
0.01643399931500
0.00823326516500
0.00316688492063
0.00336552528722
0.00221660201476
0.00234397636827
0.00244121389027
0.00686297388410
0.01193401812500
0.02017816385000
0.01781602720000
0.00674663073600
0.00878001942000
0.00292179800000
0.00592727955000
0.00234223394539
0.00220920892854
0.00280051849104
0.00275083293291
0.00625559437000
0.00372208522746
0.00944996681066
0.01211666612000
0.00556853941762
0.00542571612887
0.00713115872000
0.00708252152000
0.01573262110000
0.01864593080000
0.00736305763000
0.00219562560646
0.00144810237496
0.00547540482661
0.00343514879726
0.00731210228000
0.00244405673302
0.00256744006983
0.00288982957792
