0.00000000000000 1.00000000000000
1.00000000000000 -0.00000000000000
-1.00000000000000 -0.00000000000000
0.00000000019870 -1.00000000000000
-0.00000000023122 -1.00000000000000
-0.00002643319524 -0.99999999965064
0.00000000000000 1.00000000000000
0.00000000000000 1.00000000000000
0.00000000000000 1.00000000000000
0.00000000000000 1.00000000000000
0.00213364125290 -0.99999772378491
0.00002274312629 -0.99999999974138
0.22122666468470 -0.97522241710929
-0.12374697229236 -0.99231380462456
-0.19943100658087 -0.97991187033026
-0.00235786381646 -0.99999722023525
0.12374697229236 -0.99231380462456
-0.01430884921186 -0.99989762317661
-0.04603637436677 -0.99893976406746
0.04603637436677 -0.99893976406746
0.01384868186116 -0.99990410240718
0.24599165228536 -0.96927194687865
0.11474963942858 -0.99339444343675
-0.24093854739175 -0.97054037339039
-0.25755579576170 -0.96626342788577
-0.06352201985918 -0.99798043717951
-0.23608201982072 -0.97173313204674
-0.16928782132849 -0.98556665606637
