78 79 75
78 230 77
79 230 73
230 78 79
80 231 76
78 231 77
80 78 75
78 231 80
81 82 3
81 232 2
82 232 1
81 82 232
82 233 1
83 233 4
83 82 3
233 82 83
80 234 76
84 80 75
84 234 74
234 84 80
86 84 74
85 84 75
85 86 72
84 85 86
88 235 73
87 235 63
87 88 71
235 87 88
89 88 71
89 79 75
79 88 73
89 79 88
90 85 72
85 89 75
90 89 71
89 90 85
91 93 39
91 92 30
92 93 49
91 92 93
94 93 49
94 236 63
93 236 39
236 93 94
81 237 2
95 81 3
95 237 5
81 237 95
96 97 6
96 83 3
97 83 4
97 83 96
97 238 4
98 238 8
98 97 6
97 98 238
99 239 70
86 239 74
99 86 72
99 86 239
100 101 65
100 87 71
101 87 63
100 101 87
94 101 63
102 94 49
102 101 65
102 101 94
103 240 15
103 91 30
91 240 39
91 103 240
104 105 7
104 95 5
105 95 3
105 95 104
96 105 3
106 96 6
106 105 7
105 106 96
107 104 7
107 241 15
104 241 5
241 107 104
109 242 8
108 242 11
108 109 9
242 108 109
110 109 9
110 98 6
98 109 8
98 109 110
111 113 31
111 112 32
112 113 24
113 111 112
114 115 41
114 92 49
115 92 30
114 115 92
116 115 30
116 117 32
117 115 41
115 116 117
118 119 54
118 102 65
119 102 49
102 118 119
114 119 49
120 114 41
120 119 54
114 119 120
121 122 69
121 99 70
122 99 72
121 122 99
123 243 67
121 243 70
123 121 69
121 123 243
124 125 25
124 244 23
125 244 26
124 125 244
125 245 26
126 245 27
126 125 25
126 125 245
128 103 30
127 103 15
127 128 13
127 103 128
107 127 15
129 107 7
129 127 13
129 107 127
130 132 51
130 131 54
131 132 45
130 131 132
133 131 45
120 131 54
133 120 41
131 133 120
135 118 65
134 118 54
134 135 62
118 135 134
136 137 12
136 108 9
137 108 11
137 108 136
137 246 11
138 246 14
138 137 12
137 138 246
139 140 10
139 129 13
140 129 7
129 139 140
141 140 10
106 140 7
141 106 6
106 140 141
110 141 6
142 110 9
142 141 10
141 110 142
136 142 9
143 136 12
143 142 10
142 143 136
145 143 10
144 143 12
144 145 17
145 143 144
147 100 71
146 100 65
146 147 68
146 147 100
135 146 65
148 135 62
148 146 68
146 148 135
149 90 72
90 147 71
149 147 68
90 147 149
150 149 68
150 122 69
122 149 72
122 149 150
151 152 58
151 130 54
152 130 51
130 151 152
153 151 58
153 134 62
134 151 54
153 134 151
154 155 66
154 247 64
155 247 67
154 155 247
123 155 67
156 123 69
156 155 66
123 156 155
158 153 62
157 153 58
157 158 66
153 157 158
150 156 69
159 150 68
159 156 66
156 150 159
158 159 66
148 159 68
148 158 62
148 158 159
160 248 50
160 161 52
161 248 48
161 248 160
162 249 53
162 160 52
160 249 50
249 162 160
164 124 23
163 124 25
163 164 21
124 163 164
165 164 21
165 250 20
164 250 23
250 164 165
167 163 21
166 163 25
166 167 24
163 166 167
168 167 24
168 169 17
169 167 21
169 167 168
171 161 48
170 161 52
170 171 47
161 170 171
172 171 47
172 251 46
171 251 48
251 171 172
174 170 47
173 170 52
173 174 51
170 173 174
132 174 51
175 132 45
175 174 47
132 174 175
177 175 47
176 175 45
176 177 43
177 175 176
178 179 28
178 252 29
179 252 33
178 179 252
180 182 28
180 181 34
181 182 31
180 181 182
183 179 33
183 180 34
179 180 28
179 180 183
184 182 28
113 182 31
184 113 24
113 182 184
166 184 24
185 166 25
185 184 28
185 166 184
186 185 28
126 185 25
186 126 27
185 186 126
186 253 27
178 253 29
178 186 28
186 178 253
188 176 43
187 176 45
187 188 37
187 188 176
190 181 31
189 181 34
189 190 37
189 181 190
191 187 37
133 187 45
191 133 41
187 133 191
192 111 32
111 190 31
192 190 37
190 111 192
191 192 37
117 191 41
117 192 32
117 191 192
193 194 22
193 168 17
194 168 24
193 194 168
112 194 24
195 112 32
195 194 22
194 195 112
197 139 13
196 139 10
196 197 22
139 196 197
193 196 22
145 196 10
145 193 17
193 196 145
198 195 22
116 195 32
198 116 30
195 116 198
128 198 30
128 197 13
197 198 22
197 198 128
199 200 18
199 254 14
200 254 16
254 199 200
201 199 18
201 138 12
138 199 14
201 138 199
202 144 17
144 201 12
202 201 18
201 202 144
203 202 18
203 169 21
169 202 17
169 202 203
205 173 51
204 173 52
204 205 56
173 204 205
206 205 56
206 152 58
152 205 51
205 206 152
207 208 56
207 255 53
208 255 55
255 207 208
204 207 56
162 204 52
162 207 53
162 204 207
208 256 55
209 256 57
209 208 56
209 256 208
211 257 61
210 257 64
210 211 60
257 210 211
154 210 64
212 154 66
212 210 60
154 212 210
213 212 60
157 212 66
213 157 58
157 212 213
206 213 58
214 206 56
214 213 60
214 213 206
215 214 60
209 214 56
215 209 57
209 214 215
216 217 43
216 258 42
217 258 44
217 258 216
218 217 44
218 177 47
177 217 43
217 218 177
172 259 46
172 218 47
218 259 44
218 259 172
219 260 35
219 183 34
183 260 33
219 260 183
219 261 35
220 261 36
220 219 34
219 220 261
222 188 43
221 188 37
221 222 38
188 221 222
224 262 40
223 262 42
223 224 38
262 223 224
222 223 38
216 223 42
216 222 43
222 223 216
225 221 38
189 221 37
225 189 34
225 189 221
226 224 38
226 263 36
224 263 40
226 263 224
220 225 34
220 226 36
225 226 38
225 226 220
227 264 19
227 200 18
200 264 16
227 200 264
165 265 20
228 165 21
228 265 19
265 228 165
203 228 21
203 227 18
227 228 19
227 203 228
211 266 61
229 211 60
229 266 59
266 211 229
229 267 59
215 229 60
215 267 57
267 229 215
