47	48	46
46	48	44
3	2	1
1	4	3
47	46	45
43	41	45
45	46	43
2	3	5
26	35	34
14	19	26
42	46	44
43	46	42
44	34	42
34	35	42
7	5	3
14	5	7
18	5	14
18	26	34
14	26	18
35	26	29
15	17	16
21	19	16
43	42	39
39	42	35
6	3	4
6	7	3
4	8	6
14	7	12
12	19	14
16	19	12
30	29	27
24	26	19
24	29	26
24	27	29
16	17	20
20	21	16
30	31	32
36	38	37
37	32	36
8	10	9
9	6	8
7	6	9
9	12	7
19	21	23
23	24	19
25	27	23
27	24	23
28	27	25
28	31	30
30	27	28
40	37	38
39	37	40
40	38	41
40	41	43
43	39	40
30	32	33
32	37	33
33	29	30
33	37	39
35	29	33
33	39	35
12	9	13
11	15	13
13	10	11
13	9	10
13	15	16
16	12	13
25	23	22
21	20	22
22	23	21
