54	56	52
55	56	54
3	2	1
1	4	3
55	54	53
51	50	53
53	54	51
28	42	39
39	18	28
28	18	17
28	34	42
52	39	49
39	42	49
49	54	52
51	54	49
17	18	8
17	8	11
42	34	41
5	8	18
2	3	5
3	8	5
29	32	34
17	11	15
7	10	9
6	11	8
4	7	6
7	9	6
6	9	11
6	3	4
6	8	3
34	32	37
37	41	34
37	40	41
20	19	22
22	23	20
43	40	38
38	37	36
40	37	38
48	50	51
48	46	50
27	29	25
34	28	26
26	29	34
26	25	29
26	28	17
20	15	16
16	14	19
16	19	20
51	49	47
47	48	51
47	49	42
42	41	47
45	46	44
46	48	44
43	45	44
44	40	43
41	40	44
44	47	41
48	47	44
23	25	21
25	26	21
20	23	21
21	15	20
17	15	21
21	26	17
12	14	13
14	16	13
13	16	15
13	10	12
13	9	10
13	15	11
11	9	13
23	22	24
27	25	24
24	25	23
36	37	35
35	37	32
32	33	35
30	29	27
31	33	32
32	29	31
29	30	31
