1 3 2 1
1 2 14 1
2 2 5 3
3 3 20 3
3 2 4 2
4 1 29 1
5 1 7 3
6 3 39 1
6 2 7 2
7 1 15 3
8 3 11 2
8 1 13 3
8 2 9 2
9 1 10 3
10 1 16 3
10 2 45 1
11 3 42 3
11 1 18 3
12 1 13 2
12 2 14 2
13 1 51 1
14 3 15 1
15 2 49 3
16 1 19 1
16 2 17 3
17 1 25 1
17 2 23 3
18 1 32 1
18 2 52 3
19 3 21 1
20 1 21 2
21 3 30 1
22 3 81 3
22 1 31 3
22 2 43 1
23 1 71 1
23 2 64 3
24 1 70 1
24 2 27 3
25 3 28 2
25 2 30 3
26 1 27 2
26 2 29 2
27 1 28 3
28 1 72 3
29 3 30 2
31 1 77 1
31 2 32 2
32 3 33 2
33 3 38 3
33 1 57 3
34 3 48 1
34 2 35 2
35 3 73 3
35 1 62 3
36 3 56 1
36 1 38 2
37 3 38 1
37 1 76 3
39 3 40 2
39 2 50 1
40 3 54 3
41 3 79 1
41 1 44 1
41 2 74 3
42 1 45 3
42 2 43 2
43 3 44 2
44 3 61 3
45 2 65 1
46 3 63 1
46 1 68 1
46 2 48 2
47 3 67 3
47 2 48 3
49 1 51 3
49 2 50 2
50 3 59 3
51 2 52 2
52 1 58 1
53 1 54 2
53 2 55 1
54 1 59 2
55 2 56 2
56 3 57 1
57 2 58 2
58 3 59 1
60 3 75 1
60 1 61 2
60 2 62 1
61 1 65 3
62 2 63 2
63 3 64 1
64 2 65 2
66 1 67 2
66 2 69 2
67 1 68 3
68 2 71 3
69 3 70 2
70 3 72 1
71 2 72 2
73 2 75 2
74 1 75 3
76 1 77 3
77 2 78 2
78 3 80 1
79 3 82 3
80 2 81 2
81 1 82 2
