1 3 4 2
1 1 54 1
1 2 7 1
2 3 6 2
2 2 4 3
3 3 4 1
3 2 55 3
5 3 17 2
5 2 8 1
6 3 8 2
7 3 8 3
7 2 18 1
9 3 12 2
9 1 15 1
9 2 78 1
10 3 77 2
10 2 12 3
11 3 12 1
11 2 13 3
13 2 16 2
14 3 16 3
14 2 115 3
15 3 114 1
15 2 16 1
17 3 20 3
18 3 20 1
18 2 26 1
19 3 25 2
19 2 20 2
21 3 24 3
21 1 27 1
21 2 155 1
22 3 154 1
22 2 24 1
23 3 24 2
23 2 25 1
25 3 28 3
26 3 28 1
26 2 58 3
27 3 57 1
27 2 28 2
29 3 32 2
29 1 35 1
29 2 41 1
30 3 43 1
30 1 50 1
30 2 32 3
31 3 49 2
31 1 33 3
31 2 32 1
33 2 36 2
34 3 36 3
34 2 38 1
35 3 37 1
35 2 36 1
37 3 178 2
37 2 40 2
38 3 40 3
38 2 62 1
39 3 61 1
39 1 179 1
39 2 40 1
41 3 44 2
41 2 166 1
42 3 165 1
42 1 70 1
42 2 44 3
43 3 69 1
43 2 44 1
45 3 55 1
45 2 48 1
46 3 48 2
46 2 49 1
47 3 51 1
47 1 53 1
47 2 48 3
49 3 52 3
50 3 52 1
50 2 203 1
51 3 202 2
51 2 52 2
53 3 56 1
53 2 59 1
54 3 58 1
54 2 56 2
55 2 56 3
57 3 193 1
57 2 60 2
58 2 60 3
59 3 60 1
59 2 194 1
61 3 65 1
61 2 64 3
62 3 64 1
62 2 75 3
63 3 74 1
63 1 66 1
63 2 64 2
65 3 89 1
65 2 68 2
66 3 68 3
66 2 99 1
67 3 98 1
67 1 90 1
67 2 68 1
69 3 205 2
69 2 72 2
70 3 72 3
70 2 127 3
71 3 126 1
71 1 206 1
71 2 72 1
73 3 76 2
73 2 83 3
74 3 82 1
74 2 76 3
75 2 76 1
77 3 80 1
78 3 80 2
78 2 81 1
79 3 83 1
79 2 80 3
81 3 84 1
81 2 119 3
82 3 118 2
82 2 84 2
83 2 84 3
85 3 88 2
85 1 170 1
85 2 322 1
86 3 321 2
86 1 122 1
86 2 88 3
87 3 121 1
87 1 171 3
87 2 88 1
89 3 253 1
89 2 92 2
90 3 92 3
90 2 283 1
91 3 282 2
91 1 254 3
91 2 92 1
93 3 105 2
93 2 96 1
94 3 96 2
94 2 279 3
95 3 278 1
95 1 106 1
95 2 96 3
97 3 100 3
97 1 117 2
97 2 109 3
98 3 111 1
98 2 100 1
99 3 100 2
99 2 118 1
101 3 115 1
101 2 104 2
102 3 104 3
102 2 105 1
103 3 107 1
103 1 113 1
103 2 104 1
105 3 108 3
106 3 108 1
106 2 110 1
107 3 109 1
107 2 108 2
109 2 112 2
110 3 112 3
110 2 286 3
111 3 285 2
111 2 112 1
113 3 116 3
113 2 117 1
114 3 119 1
114 2 116 1
115 2 116 2
117 3 120 2
118 3 120 3
119 2 120 1
121 3 127 1
121 2 124 2
122 3 124 3
122 2 307 1
123 3 306 2
123 1 125 1
123 2 124 1
125 3 128 2
125 2 129 1
126 3 131 1
126 2 128 3
127 2 128 1
129 3 132 3
129 2 150 3
130 3 149 2
130 1 226 3
130 2 132 1
131 3 225 1
131 2 132 2
133 3 136 1
133 1 139 1
133 2 191 3
134 3 190 2
134 2 136 2
135 3 136 3
135 2 137 1
137 3 140 3
137 2 290 3
138 3 289 1
138 1 246 3
138 2 140 1
139 3 245 1
139 2 140 2
141 3 144 1
141 2 223 3
142 3 222 1
142 1 149 1
142 2 144 2
143 3 151 2
143 2 144 3
145 3 148 2
145 2 151 1
146 3 150 1
146 1 302 1
146 2 148 3
147 3 301 2
147 2 148 1
149 3 152 3
150 2 152 1
151 3 152 2
153 3 156 2
153 1 198 1
153 2 157 1
154 3 159 2
154 2 156 3
155 3 156 1
155 2 199 3
157 3 160 3
157 2 214 1
158 3 213 2
158 2 160 1
159 3 160 2
161 3 164 3
161 1 293 2
161 2 315 3
162 3 314 1
162 1 175 3
162 2 164 1
163 3 174 1
163 1 294 1
163 2 164 2
165 3 171 1
165 2 168 2
166 3 168 3
166 2 178 1
167 3 177 1
167 1 169 1
167 2 168 1
169 3 172 3
169 2 173 1
170 3 175 1
170 2 172 1
171 2 172 2
173 3 176 3
173 2 242 1
174 3 241 2
174 2 176 1
175 2 176 2
177 3 258 2
177 2 180 2
178 3 180 3
179 3 180 1
179 2 259 3
181 3 184 3
181 1 191 1
181 2 251 3
182 3 250 1
182 1 271 1
182 2 184 1
183 3 270 2
183 1 189 3
183 2 184 2
185 3 188 2
185 1 189 1
185 2 266 1
186 3 265 2
186 2 188 3
187 3 188 1
187 2 190 1
189 2 192 3
190 3 192 1
191 2 192 2
193 3 199 1
193 2 196 1
194 3 196 2
194 2 202 1
195 3 201 1
195 1 197 1
195 2 196 3
197 3 200 1
197 2 234 3
198 3 233 2
198 2 200 2
199 2 200 3
201 3 207 1
201 2 204 2
202 3 204 3
203 3 204 1
203 2 205 1
205 3 208 2
206 3 208 3
206 2 231 3
207 3 230 1
207 2 208 1
209 3 218 2
209 2 212 1
210 3 212 2
210 2 213 1
211 3 215 1
211 1 219 1
211 2 212 3
213 3 216 3
214 3 216 1
214 2 233 1
215 3 235 2
215 2 216 2
217 3 223 1
217 2 220 1
218 3 220 2
219 3 220 3
219 2 221 1
221 3 224 3
221 2 227 1
222 3 226 1
222 2 224 1
223 2 224 2
225 3 231 1
225 2 228 2
226 2 228 3
227 3 228 1
227 2 229 1
229 3 232 3
229 2 235 1
230 3 234 1
230 2 232 1
231 2 232 2
233 3 236 3
234 2 236 1
235 3 236 2
237 3 240 1
237 1 246 1
237 2 299 3
238 3 298 2
238 1 241 1
238 2 240 2
239 3 243 1
239 1 247 1
239 2 240 3
241 3 244 3
242 3 244 1
242 2 258 1
243 3 257 2
243 2 244 2
245 3 251 1
245 2 248 1
246 2 248 2
247 3 248 3
247 2 249 1
249 3 252 3
249 2 255 1
250 3 254 1
250 2 252 1
251 2 252 2
253 3 259 1
253 2 256 1
254 2 256 2
255 3 256 3
255 2 257 1
257 3 260 2
258 3 260 3
259 2 260 1
261 3 275 2
261 2 264 2
262 3 264 3
262 2 265 1
263 3 267 1
263 1 273 1
263 2 264 1
265 3 268 1
266 3 268 2
266 2 270 1
267 3 269 1
267 2 268 3
269 3 281 1
269 2 272 2
270 3 272 3
271 3 272 1
271 2 282 1
273 3 276 1
273 2 277 1
274 3 279 1
274 2 276 2
275 3 276 3
277 3 280 3
277 2 287 3
278 3 286 1
278 2 280 1
279 2 280 2
281 3 287 1
281 2 284 2
282 3 284 3
283 3 284 1
283 2 285 1
285 3 288 3
286 2 288 1
287 2 288 2
289 3 299 1
289 2 292 1
290 2 292 2
291 3 292 3
291 2 297 3
293 3 296 2
294 3 296 3
294 2 298 1
295 3 297 1
295 2 296 1
297 2 300 3
298 3 300 1
299 2 300 2
301 3 304 2
302 3 304 3
302 2 306 1
303 3 305 1
303 2 304 1
305 3 311 2
305 2 308 3
306 3 308 1
307 3 308 2
307 2 309 1
309 3 312 3
309 2 319 1
310 3 318 2
310 2 312 1
311 3 312 2
313 3 316 2
313 2 326 3
314 3 325 2
314 2 316 3
315 2 316 1
317 3 323 1
317 2 320 1
318 3 320 2
319 3 320 3
319 2 321 1
321 3 324 2
322 3 324 3
322 2 325 1
323 3 327 2
323 2 324 1
325 3 328 1
326 2 328 2
327 3 328 3
