-0.67198242879945 0.74056709040085
-0.51024984827931 -0.86002621607189
-0.93492700738297 -0.35484009196527
0.66107456441766 0.75032021182959
0.55557681743851 -0.83146521269678
0.95269051520798 0.30394207052127
-0.93478986104746 0.35520123265956
-0.93403912549495 0.35717070434826
0.55466699818544 0.83207242540776
-0.41859288203208 0.90817399165142
0.88376476263503 -0.46793145259177
-0.23684839430001 -0.97154662169013
0.99912372056139 0.04185440253513
-0.81694325534683 0.57671805723708
-0.81226699260785 -0.58328580706186
0.74623940946384 -0.66567765755135
0.01866900191989 0.99982571899672
-0.20227585040339 -0.97932858650383
-0.87634759129846 0.48167924931991
-0.97821524163247 -0.20759321048131
-0.80167171334156 -0.59776455568059
0.11408616845664 -0.99347085823736
0.93551695494023 0.35328179548252
0.05299150709635 -0.99859496302338
0.64824445475894 0.76143228646695
0.27671653700714 -0.96095158990803
0.95727802369803 -0.28916912930809
-0.85738210154845 -0.51468041729249
-0.85022862716017 -0.52641360312717
0.73331377635029 -0.67989036279012
0.96791684255889 0.25127074221014
-0.81347218489462 0.58160382082890
0.99265059438288 0.12101569101283
-0.85603403949329 0.51691945526243
0.08314251479714 -0.99653766724254
-0.84212085743176 0.53928884790843
-0.11126949036893 -0.99379026988245
-0.81260427118919 -0.58281583578785
0.49633224948341 0.86813265007298
0.55269491013156 -0.83338366693538
0.95588756479346 -0.29373280966422
0.90462597216204 0.42620634731300
-0.62012931241890 -0.78449960859064
0.98345091168379 -0.18117478938393
0.18336153121254 -0.98304554770946
-0.71374445282473 -0.70040620789790
0.99636583167827 0.08517704775386
-0.73984733250735 0.67277479484725
-0.23961763566268 -0.97086733835238
0.99545396596408 -0.09524390608532
-0.05837467070843 -0.99829474496247
-0.05576643773690 -0.99844384139627
-0.86317910463899 -0.50489784443453
0.49492278229753 0.86893695948721
0.99785709458485 -0.06543102312118
-0.99282840718960 -0.11954812368813
0.65413625492899 0.75637673152172
0.77842348562751 0.62773949774052
-0.87961066967284 0.47569430288547
-0.39154122228328 0.92016056819064
0.98793674180510 0.15485798071628
-0.73372741937131 0.67944394475389
0.21504193633234 0.97660481547985
0.91783958188434 0.39695151079997
0.63425260598461 -0.77312588354144
0.18809093797679 -0.98215161714015
0.71724700719515 0.69681900854498
0.92180242898929 -0.38766000813787
0.72003009382008 -0.69394283913983
0.01509227529122 0.99988610512725
-0.68036369118211 -0.73287464666275
0.90439632824121 0.42669342795949
-0.44817170514963 0.89394749437720
0.13325211736312 0.99108217278803
0.67014192231716 -0.74223298495355
-0.85505787942180 0.51853256680627
0.96966098468678 0.24445362500129
0.42131608528130 0.90691386376173
-0.54459049916285 0.83870208549970
0.97698056068040 -0.21332834798174
-0.28423940720085 0.95875333605371
0.57027140822217 0.82145634148401
0.60985297732812 0.79251457150265
-0.32303821890727 0.94638591976277
0.99689991416723 -0.07868011904780
-0.46079270676032 -0.88750779230185
0.99985452493519 0.01705663995685
0.77417053604882 0.63297707787398
-0.83864522228010 0.54467806192902
-0.54411159664601 0.83901285472592
-0.29322137478505 0.95604457289876
-0.94745882644349 0.31987774570033
0.51062491466519 0.85980358019909
