-1.5	0
-1.5	0.8
-0.98362	0.34504
-0.87354	0.00065193
-0.74273	0.8
-0.6451	0.1515
-0.57903	0.36651
-0.57373	0.00096393
-0.4693	0.11279
-0.45168	0.001091
-0.4	0.0011447
-0.36564	0.19783
-0.36325	0.057729
-0.32087	0.44085
-0.32	0.0048315
-0.25941	0.089577
-0.24	0.014808
-0.21238	0.8
-0.17226	0.2339
-0.16	0.032956
-0.15572	0.098228
-0.08	0.053259
-0.058534	0.11684
-0.013216	0.2246
0	0.0625
0.006889	0.43473
0.050781	0.11519
0.08	0.053259
0.14237	0.21591
0.15314	0.089927
0.16	0.032956
0.24	0.014808
0.26355	0.12266
0.26475	0.8
0.28287	0.36745
0.32	0.0048315
0.35092	0.062006
0.4	0.0011447
0.42011	0.1761
0.45231	0.048374
0.55638	0.00098199
0.56327	0.39965
0.61535	0.15424
0.78332	0.8
0.84673	0.00067983
0.96691	0.31628
1.5	0
1.5	0.8
