-1.5	0
-1.5	0.8
-1.0041	0.34656
-0.89601	0.00062855
-0.78444	0.8
-0.66992	0.18815
-0.60509	0.0009313
-0.57308	0.44008
-0.49064	0.088227
-0.45979	0.0010825
-0.4527	0.21982
-0.4	0.0011447
-0.38787	0.06704
-0.32	0.0048315
-0.31145	0.17232
-0.29832	0.054986
-0.27179	0.40356
-0.25072	0.8
-0.24	0.014808
-0.2166	0.081682
-0.16972	0.20287
-0.16	0.032956
-0.13143	0.090767
-0.08	0.053259
-0.054582	0.1219
-0.044534	0.26827
0	0.0625
0.0096987	0.48173
0.031091	0.14735
0.041625	0.057692
0.08	0.053259
0.11722	0.1207
0.12325	0.042283
0.1376	0.25905
0.16	0.032956
0.20172	0.023491
0.20419	0.10768
0.24	0.014808
0.25749	0.8
0.28822	0.056722
0.3015	0.18149
0.30935	0.41525
0.32	0.0048315
0.38103	0.06875
0.4	0.0011447
0.45569	0.0010868
0.45689	0.20801
0.48551	0.081371
0.59286	0.43176
0.59991	0.00093669
0.66757	0.17833
0.78621	0.8
0.89249	0.00063221
1.0105	0.34191
1.5	0
1.5	0.8
