-1.500000000000000000e+00 2.327101951094069132e-26
-1.500000000000000000e+00 8.000000000000000444e-01
-1.121699999999999919e+00 3.540900000000000158e-01
-9.745500000000000274e-01 3.048774879855072921e-12
-8.872700000000000031e-01 8.000000000000000444e-01
-7.694299999999999473e-01 2.009799999999999920e-01
-7.190499999999999670e-01 4.535500000000000087e-01
-6.861500000000000377e-01 4.832970873315333685e-07
-5.758799999999999475e-01 1.179999999999999938e-01
-5.263700000000000045e-01 2.535600000000000076e-01
-5.261099999999999666e-01 6.175213397586062577e-05
-4.639199999999999990e-01 8.581700000000000439e-02
-4.452999999999999736e-01 4.689400000000000235e-01
-4.430499999999999994e-01 4.620112646872805216e-04
-4.287799999999999945e-01 8.000000000000000444e-01
-4.000000000000000222e-01 1.144727430545885299e-03
-3.975099999999999745e-01 1.658199999999999952e-01
-3.895700000000000274e-01 5.716099999999999653e-02
-3.567899999999999960e-01 2.592671870612557692e-03
-3.200000000000000067e-01 4.831546277706233808e-03
-3.196399999999999797e-01 7.564500000000000390e-02
-3.149000000000000132e-01 3.003799999999999804e-01
-2.804400000000000226e-01 8.749545155084631834e-03
-2.572599999999999887e-01 1.643699999999999883e-01
-2.411399999999999932e-01 7.265699999999999936e-02
-2.399999999999999911e-01 1.480798491763261025e-02
-1.986499999999999932e-01 2.330390619192282756e-02
-1.678000000000000047e-01 9.006000000000000116e-02
-1.600000000000000033e-01 3.295577650269053416e-02
-1.490100000000000036e-01 5.066599999999999993e-01
-1.423099999999999921e-01 1.722299999999999942e-01
-1.376900000000000068e-01 2.953799999999999759e-01
-1.182700000000000001e-01 4.405644859290736709e-02
-8.372400000000000675e-02 1.106000000000000039e-01
-8.000000000000000167e-02 5.325898681038820914e-02
-4.018599999999999950e-02 6.002695382964385457e-02
-1.964099999999999874e-02 2.000000000000000111e-01
-7.255099999999999570e-03 1.171999999999999986e-01
-1.113000000000000057e-03 8.000000000000000444e-01
0.000000000000000000e+00 6.250000000000000000e-02
3.546900000000000053e-02 3.411199999999999788e-01
3.912000000000000199e-02 6.015395525248437569e-02
6.516399999999999970e-02 1.189999999999999947e-01
8.000000000000000167e-02 5.325898681038820914e-02
1.078699999999999937e-01 2.066699999999999926e-01
1.185299999999999965e-01 4.398868906834089987e-02
1.423899999999999888e-01 9.986699999999999744e-02
1.600000000000000033e-01 3.295577650269053416e-02
1.609399999999999997e-01 5.165800000000000392e-01
1.972700000000000009e-01 2.362440373290239370e-02
2.224200000000000066e-01 1.608300000000000007e-01
2.236700000000000077e-01 7.562699999999999978e-02
2.399999999999999911e-01 1.480798491763261025e-02
2.432199999999999918e-01 3.014999999999999902e-01
2.772499999999999964e-01 9.147471426283648038e-03
2.972299999999999942e-01 6.261300000000000199e-02
3.200000000000000067e-01 4.831546277706233808e-03
3.272399999999999753e-01 1.372700000000000031e-01
3.563500000000000001e-01 2.613090170186013923e-03
3.810100000000000153e-01 5.793399999999999939e-02
4.000000000000000222e-01 1.144727430545885299e-03
4.040500000000000203e-01 2.193799999999999917e-01
4.343500000000000139e-01 8.000000000000000444e-01
4.385600000000000054e-01 5.100710326493657033e-04
4.390299999999999758e-01 4.430499999999999994e-01
4.489199999999999857e-01 9.343999999999999528e-02
5.132700000000000040e-01 8.620856315013332243e-05
5.544999999999999929e-01 2.402400000000000091e-01
5.631199999999999539e-01 9.906099999999999628e-02
6.780599999999999961e-01 6.368556524960733723e-07
7.146099999999999675e-01 4.576000000000000068e-01
7.720900000000000540e-01 1.937500000000000056e-01
8.917500000000000426e-01 8.000000000000000444e-01
9.724599999999999911e-01 3.375255765045166361e-12
1.118700000000000028e+00 3.530099999999999905e-01
1.500000000000000000e+00 2.327101951094069132e-26
1.500000000000000000e+00 8.000000000000000444e-01
1.309350000000000014e+00 5.765050000000000452e-01
1.005225000000000035e+00 5.765050000000000452e-01
1.309350000000000014e+00 1.765049999999999952e-01
-1.310849999999999849e+00 5.770450000000000301e-01
-1.310849999999999849e+00 1.770450000000000079e-01
-1.048124999999999973e+00 1.770450000015243996e-01
1.045579999999999954e+00 1.765050000016876453e-01
9.453949999999999854e-01 2.733800000000000119e-01
8.722750000000000226e-01 9.687500000168765280e-02
5.744799999999999907e-01 6.288000000000000256e-01
8.031800000000000050e-01 6.288000000000000256e-01
9.166549999999999976e-01 4.053050000000000264e-01
7.433499999999999552e-01 3.256749999999999923e-01
-7.506150000000000322e-02 6.533299999999999663e-01
5.964999999999998082e-03 5.116199999999999637e-01
7.991349999999999842e-02 6.582900000000000418e-01
2.976449999999999929e-01 6.582900000000000418e-01
-1.004484999999999850e+00 5.770450000000000301e-01
-9.455649999999999888e-01 2.775349999999999762e-01
-8.719900000000000428e-01 1.004900000015244016e-01
-7.277899999999999370e-01 1.004902416485436434e-01
7.250750000000000250e-01 9.687531842782624858e-02
5.768199999999999994e-01 4.503249999999999753e-01
4.366900000000000226e-01 6.215249999999999941e-01
2.999850000000000017e-01 4.798149999999999915e-01
-2.888950000000000129e-01 6.533299999999999663e-01
-8.031599999999999850e-01 6.267750000000000821e-01
-9.203749999999999432e-01 4.038200000000000123e-01
-7.442400000000000126e-01 3.272650000000000281e-01
-5.739149999999999530e-01 6.267750000000000821e-01
-5.509949999999999015e-01 5.903087606698794593e-02
-6.310149999999999926e-01 5.900024164854364428e-02
-6.726550000000000029e-01 1.594899999999999929e-01
-1.400000000000000133e-01 2.338049999999999851e-01
-1.974750000000000116e-01 2.298749999999999960e-01
-1.997849999999999904e-01 1.683000000000000052e-01
9.820450000000000013e-02 4.288500000000000090e-01
-5.677050000000000152e-02 4.238899999999999890e-01
-1.433500000000000052e-01 4.010199999999999876e-01
-5.111050000000000315e-02 3.182499999999999774e-01
3.411250000000000115e-01 3.722750000000000226e-01
2.020799999999999819e-01 4.090400000000000147e-01
1.393444999999999823e-01 3.213099999999999845e-01
6.205899999999999750e-01 4.953081842782625088e-02
6.676050000000000040e-01 1.464054999999999940e-01
5.381949999999999790e-01 4.957360428157504828e-02
-2.607900000000000218e-01 4.070327257754229738e-02
-2.405700000000000061e-01 4.373249245881630221e-02
-2.198950000000000071e-01 4.798045309596139785e-02
-4.370399999999999840e-01 6.344700000000000895e-01
-2.971550000000000025e-01 4.878000000000000114e-01
-5.821749999999999980e-01 4.612450000000000161e-01
2.328199999999999992e-01 2.311650000000000094e-01
1.755450000000000066e-01 2.540850000000000053e-01
1.651449999999999863e-01 1.837499999999999967e-01
7.166949999999999710e-02 2.738949999999999996e-01
3.236350000000000060e-01 2.604400000000000048e-01
4.215400000000000258e-01 3.312149999999999817e-01
-5.199000000000000288e-01 1.019084999999999991e-01
-4.950149999999999828e-01 4.293937606698795123e-02
-4.534850000000000270e-01 4.313950563234365126e-02
-4.858350000000000168e-01 3.612500000000000155e-01
-6.227099999999999858e-01 3.535550000000000082e-01
-6.478999999999999204e-01 2.272699999999999998e-01
-5.511249999999999760e-01 1.857800000000000007e-01
-4.951450000000000018e-01 1.696885000000000199e-01
-4.307149999999999590e-01 1.258184999999999998e-01
-4.619400000000000173e-01 2.096899999999999875e-01
4.967650000000000121e-01 3.416449999999999765e-01
6.345549999999999802e-01 3.489200000000000079e-01
4.792750000000000066e-01 2.298100000000000143e-01
6.632949999999999680e-01 2.169949999999999934e-01
5.588100000000000289e-01 1.696505000000000096e-01
2.852299999999999836e-01 2.193849999999999967e-01
2.748300000000000187e-01 1.490500000000000158e-01
3.656449999999999978e-01 1.783250000000000113e-01
4.437400000000000233e-01 4.697503551632469659e-02
4.810949999999999949e-01 4.676310428157504778e-02
5.060199999999999143e-01 9.625049999999998884e-02
3.880799999999999805e-01 1.153549999999999992e-01
4.264850000000000030e-01 1.564099999999999935e-01
5.017099999999999893e-01 1.668399999999999883e-01
2.104699999999999904e-01 4.962570186645119674e-02
1.918350000000000055e-01 5.429138825134524615e-02
2.318350000000000133e-01 4.521749245881630241e-02
-2.803899999999999726e-01 7.415099999999999469e-02
-3.000399999999999734e-01 4.219727257754229965e-02
-3.198199999999999932e-01 4.023827313885310064e-02
-2.491999999999999771e-01 1.185134999999999939e-01
-2.884499999999999842e-01 1.200074999999999892e-01
-3.273849999999999816e-01 1.650949999999999918e-01
-3.585749999999999771e-01 1.207324999999999926e-01
1.830299999999999983e-01 8.774699999999999167e-02
1.511949999999999961e-01 6.641138825134525192e-02
1.304599999999999926e-01 7.192784453417044865e-02
2.230449999999999933e-01 1.182285000000000003e-01
1.824049999999999838e-01 1.303485000000000060e-01
1.251299999999999912e-01 1.532685000000000020e-01
8.651699999999999668e-02 1.628350000000000075e-01
1.037769999999999943e-01 1.094334999999999891e-01
-1.638999999999999901e-01 6.150788825134524684e-02
-1.430349999999999955e-01 6.705822429645369454e-02
-1.257620000000000127e-01 1.003300000000000025e-01
-1.130170000000000063e-01 1.414150000000000129e-01
-1.550549999999999984e-01 1.311450000000000116e-01
-1.009970000000000034e-01 7.732822429645369589e-02
-2.125299999999999967e-01 1.272149999999999948e-01
-2.044699999999999851e-01 8.135850000000000026e-02
-1.832249999999999990e-01 5.668195309596139875e-02
4.411450000000000093e-02 2.033349999999999880e-01
2.276150000000000048e-02 1.595000000000000029e-01
-5.168250000000000621e-02 1.552999999999999936e-01
-8.097549999999999193e-02 1.861150000000000027e-01
7.914000000000000895e-03 2.705600000000000227e-01
-7.866549999999999931e-02 2.476899999999999935e-01
-3.562049999999999939e-01 2.330999999999999739e-01
-2.860800000000000010e-01 2.323749999999999982e-01
-2.262950000000000239e-01 2.978799999999999781e-01
-4.206349999999999811e-01 2.769699999999999940e-01
-3.800999999999999934e-01 3.846600000000000019e-01
-2.319550000000000223e-01 4.035199999999999898e-01
-4.163100000000000134e-01 2.881150563234364734e-02
-3.947850000000000525e-01 2.915286371527294959e-02
-4.267450000000000410e-01 7.148899999999999699e-02
-3.935400000000000009e-01 1.114904999999999924e-01
-3.546050000000000035e-01 6.640300000000000369e-02
2.604500000000000148e-01 6.912000000000000088e-02
2.598249999999999726e-01 1.117215000000000014e-01
3.122349999999999848e-01 9.994150000000000256e-02
2.686149999999999927e-01 3.871049245881630352e-02
2.872399999999999953e-01 3.588023571314179899e-02
3.086149999999999727e-01 3.372227313885309968e-02
4.097850000000000104e-01 2.922203551632469865e-02
3.905049999999999910e-01 2.953936371527295102e-02
4.149650000000000283e-01 7.568700000000000427e-02
3.541250000000000231e-01 9.760199999999999432e-02
3.391199999999999770e-01 6.027350000000000069e-02
3.505050000000000110e-01 3.138277313885309838e-02
5.214200000000000085e-02 8.957697762624219906e-02
7.258200000000000762e-02 8.612949340519410191e-02
1.111949999999999883e-01 7.656299340519409635e-02
-8.186200000000000421e-02 8.192949340519410650e-02
-6.195500000000000312e-02 8.531347691482195350e-02
-1.344804999999999959e-02 1.586000000000000187e-01
2.895444999999999963e-02 1.180999999999999966e-01
1.593245000000000078e-02 8.867697762624220104e-02
-3.627549999999999785e-03 8.984999999999999931e-02
-4.548955000000000359e-02 1.139000000000000012e-01
-2.372054999999999997e-02 8.861347691482195088e-02
-3.731800000000000117e-01 2.987683593530629858e-02
-3.382149999999999879e-01 3.911883593530630226e-02
3.686800000000000077e-01 3.027354508509300102e-02
