0.16349003055000
0.19580000000000
0.19836000000000
0.04897356022591
0.05592159243750
0.08087399835000
0.05497316916400
0.02911173653000
0.09734792640000
0.05496834055000
0.08558212555000
0.04956490585000
0.06010644200000
0.03098292890000
0.01946105500000
0.09604825120000
0.16223176320000
0.08744955280000
0.00622953707500
0.01727325000000
0.02582865590000
0.01362616884743
0.01369153583000
0.04934544192995
0.04976519590000
0.00614882355000
0.00982241130000
0.00558048864000
0.00233211172763
0.00298961472369
0.01295255290719
0.00323904405000
0.01968917456700
0.01066319039000
0.00614211770500
0.02792360387150
0.00496952648000
0.00242012905627
0.02558761980000
0.01291543146000
0.03059524890000
0.01805789220000
0.00404447358781
0.00259910142498
0.00570999312000
0.00981390210000
0.00679622787000
0.00490348695700
0.00883316781000
0.00494783858000
0.00787189562000
0.01578101610000
0.01589947817000
0.00237633102542
0.00517449534000
0.00419046461357
0.00925037500000
0.00716382369500
0.00224179299380
0.00353705975878
0.00340027001250
0.10465938717024
0.10385687201562
0.02608702593357
0.00639147003295
0.02736755102818
0.00246263144175
0.00191709253890
0.00163807752844
0.00584765413569
0.00189803355403
0.00187490982551
0.00266924142601
0.00261345034647
0.00196491679487
0.00202241758065
0.00262819649096
0.00178758680051
0.00140277121642
0.00180712772486
0.00165395766250
0.00164417805135
