0.00000000000000 1.00000000000000
0.00000000000000 1.00000000000000
1.00000000000000 -0.00000000000000
1.00000000000000 -0.00000000000000
-1.00000000000000 -0.00000000000000
-1.00000000000000 -0.00000000000000
0.00000000000000 1.00000000000000
0.00000000000000 1.00000000000000
0.00000000000000 1.00000000000000
0.00000000000000 1.00000000000000
0.00000000000000 1.00000000000000
0.00000000000000 1.00000000000000
0.00000000000000 1.00000000000000
0.00000000000000 1.00000000000000
0.00000000000000 -1.00000000000000
0.00000000039739 -1.00000000000000
0.00000000000000 -1.00000000000000
-0.00000000046244 -1.00000000000000
-0.00005248264423 -0.99999999862279
-0.00000038374620 -0.99999999999993
0.00062782023660 -0.99999980292086
0.00363944775521 -0.99999337718809
0.00000032795820 -0.99999999999995
0.00004515829434 -0.99999999898036
0.20045881598883 -0.97970212977841
0.24169786847431 -0.97035155504331
-0.09881660513207 -0.99510566200287
-0.14844523440560 -0.98892062997101
-0.18749894821161 -0.98226480361435
-0.21127501325714 -0.97742665646748
-0.00400389601752 -0.99999198437622
-0.00071181244974 -0.99999974666149
0.09881660513207 -0.99510566200287
0.14844523440560 -0.98892062997101
-0.01800426472402 -0.99983791008930
-0.01061284727957 -0.99994368215046
-0.05948952380443 -0.99822892993417
-0.03255813026972 -0.99946984354374
0.03255813026972 -0.99946984354374
0.05948952380443 -0.99822892993417
0.01000167200705 -0.99994998202763
0.01769507683781 -0.99984342987075
0.25726402516690 -0.96634115164104
0.23461857966085 -0.97208750741789
0.06115183953302 -0.99812847495787
0.16736439798497 -0.98589510511369
-0.23265188472911 -0.97256007553878
-0.24917285015612 -0.96845902894499
-0.25755681278566 -0.96626315679927
-0.25755477873689 -0.96626369897135
-0.09453181159521 -0.99552184134580
-0.03232718308724 -0.99947734003010
-0.22445829505208 -0.97448369600641
-0.24760528410184 -0.96886099275636
-0.14792323237532 -0.98899884596679
-0.19041642261993 -0.98170341040287
