1 3 2 1
1 2 11 1
2 2 63 3
3 3 17 3
3 2 62 2
4 3 63 1
4 1 12 3
4 2 64 2
5 3 8 2
5 1 10 3
5 2 6 2
6 1 7 3
7 1 13 3
7 2 36 1
8 3 33 3
8 1 15 3
9 1 10 2
9 2 11 2
10 1 41 1
11 3 12 1
12 2 39 3
13 1 16 1
13 2 14 3
14 1 21 1
14 2 20 3
15 1 27 1
15 2 42 3
16 3 18 1
17 1 18 2
18 3 25 1
19 3 61 3
19 1 26 3
19 2 34 1
20 1 57 1
20 2 52 3
21 3 23 2
21 2 25 3
22 3 65 2
22 1 23 3
22 2 66 1
23 1 58 3
24 3 25 2
24 1 62 1
24 2 66 2
26 1 60 1
26 2 27 2
27 3 28 2
28 3 30 3
28 1 45 3
29 3 76 3
29 1 50 3
29 2 67 2
30 1 69 3
30 2 68 1
31 3 70 2
31 1 64 3
31 2 40 1
32 3 80 1
32 1 35 1
32 2 77 3
33 1 36 3
33 2 34 2
34 3 35 2
35 3 49 3
36 2 53 1
37 3 51 1
37 1 55 1
37 2 38 2
38 3 71 2
38 1 67 3
39 1 41 3
39 2 40 2
40 3 47 3
41 2 42 2
42 1 46 1
43 3 70 3
43 1 47 2
43 2 72 1
44 3 45 1
44 1 68 3
44 2 73 2
45 2 46 2
46 3 47 1
48 3 59 1
48 1 49 2
48 2 50 1
49 1 53 3
50 2 51 2
51 3 52 1
52 2 53 2
54 3 71 3
54 1 55 3
54 2 74 1
55 2 57 3
56 3 58 1
56 1 65 1
56 2 75 3
57 2 58 2
59 3 77 1
59 2 76 2
60 3 78 1
60 2 79 2
61 1 82 2
61 2 81 2
69 1 78 3
72 2 73 1
74 2 75 2
79 3 81 1
80 3 82 3
