1 3 4 2
1 1 48 1
1 2 7 1
2 3 6 2
2 2 4 3
3 3 4 1
3 2 49 3
5 3 289 2
5 2 8 1
6 3 8 2
7 3 8 3
7 2 15 1
9 3 12 2
9 1 13 1
9 2 72 1
10 3 71 2
10 2 12 3
11 3 12 1
11 2 287 3
13 3 104 1
13 2 14 1
14 3 288 3
14 2 287 2
15 3 16 1
15 2 20 1
16 3 289 3
16 2 290 2
17 3 18 3
17 1 21 1
17 2 139 1
18 1 291 2
18 2 292 3
19 3 22 3
19 1 292 2
19 2 290 3
20 3 22 1
20 2 52 3
21 3 51 1
21 2 22 2
23 3 26 2
23 1 29 1
23 2 35 1
24 3 37 1
24 1 44 1
24 2 26 3
25 3 43 2
25 1 27 3
25 2 26 1
27 2 30 2
28 3 30 3
28 2 32 1
29 3 31 1
29 2 30 1
31 3 160 2
31 2 34 2
32 3 34 3
32 2 56 1
33 3 55 1
33 1 161 1
33 2 34 1
35 3 38 2
35 2 148 1
36 3 147 1
36 1 64 1
36 2 38 3
37 3 63 1
37 2 38 1
39 3 49 1
39 2 42 1
40 3 42 2
40 2 43 1
41 3 45 1
41 1 47 1
41 2 42 3
43 3 46 3
44 3 46 1
44 2 183 1
45 3 182 2
45 2 46 2
47 3 50 1
47 2 53 1
48 3 52 1
48 2 50 2
49 2 50 3
51 3 173 1
51 2 54 2
52 2 54 3
53 3 54 1
53 2 174 1
55 3 59 1
55 2 58 3
56 3 58 1
56 2 69 3
57 3 68 1
57 1 60 1
57 2 58 2
59 3 83 1
59 2 62 2
60 3 62 3
60 2 91 1
61 3 90 1
61 1 84 1
61 2 62 1
63 3 185 2
63 2 66 2
64 3 66 3
64 2 117 3
65 3 116 1
65 1 186 1
65 2 66 1
67 3 70 2
67 2 77 3
68 3 76 1
68 2 70 3
69 2 70 1
71 3 74 1
72 3 74 2
72 2 75 1
73 3 77 1
73 2 74 3
75 3 78 1
75 2 109 3
76 3 108 2
76 2 78 2
77 2 78 3
79 3 82 2
79 1 152 1
79 2 282 1
80 3 281 2
80 1 112 1
80 2 82 3
81 3 111 1
81 1 153 3
81 2 82 1
83 3 229 1
83 2 86 2
84 3 86 3
84 2 255 1
85 3 254 2
85 1 230 3
85 2 86 1
87 3 250 1
87 1 96 1
87 2 88 3
88 1 293 2
88 2 294 3
89 3 92 3
89 1 107 2
89 2 99 3
90 3 101 1
90 2 92 1
91 3 92 2
91 2 108 1
93 3 97 1
93 1 103 1
93 2 94 1
94 3 296 3
94 2 295 2
95 3 98 3
95 1 296 2
95 2 293 3
96 3 98 1
96 2 100 1
97 3 99 1
97 2 98 2
99 2 102 2
100 3 102 3
100 2 258 3
101 3 257 2
101 2 102 1
103 3 106 3
103 2 107 1
104 3 109 1
104 2 106 1
105 3 288 2
105 1 295 3
105 2 106 2
107 3 110 2
108 3 110 3
109 2 110 1
111 3 117 1
111 2 114 2
112 3 114 3
112 2 273 1
113 3 272 2
113 1 115 1
113 2 114 1
115 3 118 2
115 2 119 1
116 3 121 1
116 2 118 3
117 2 118 1
119 3 122 3
119 2 134 3
120 3 133 2
120 1 202 3
120 2 122 1
121 3 201 1
121 2 122 2
123 3 124 1
123 1 127 1
123 2 171 3
124 3 298 3
124 2 297 2
125 3 128 3
125 1 298 2
125 2 315 3
126 3 261 1
126 1 222 3
126 2 128 1
127 3 221 1
127 2 128 2
129 3 198 1
129 1 133 1
129 2 130 2
130 3 300 2
130 1 299 3
131 3 134 1
131 1 269 1
131 2 132 3
132 1 302 2
132 2 301 3
133 3 136 3
134 2 136 1
135 3 136 2
135 1 301 2
135 2 300 3
137 3 140 2
137 1 178 1
137 2 141 1
138 3 304 2
138 1 291 3
138 2 140 3
139 3 140 1
139 2 179 3
141 3 142 3
141 2 192 1
142 1 303 2
142 2 304 3
143 3 146 3
143 1 317 2
143 2 324 3
144 3 277 1
144 1 157 3
144 2 146 1
145 3 156 1
145 1 263 1
145 2 146 2
147 3 153 1
147 2 150 2
148 3 150 3
148 2 160 1
149 3 159 1
149 1 151 1
149 2 150 1
151 3 154 3
151 2 155 1
152 3 157 1
152 2 154 1
153 2 154 2
155 3 158 3
155 2 218 1
156 3 217 2
156 2 158 1
157 2 158 2
159 3 234 2
159 2 162 2
160 3 162 3
161 3 162 1
161 2 235 3
163 3 166 3
163 1 171 1
163 2 227 3
164 3 226 1
164 1 245 1
164 2 166 1
165 3 244 2
165 1 169 3
165 2 166 2
167 3 168 2
167 1 169 1
167 2 240 1
168 3 305 2
168 1 306 3
169 2 172 3
170 3 172 1
170 1 306 2
170 2 297 3
171 2 172 2
173 3 179 1
173 2 176 1
174 3 176 2
174 2 182 1
175 3 181 1
175 1 177 1
175 2 176 3
177 3 180 1
177 2 210 3
178 3 209 2
178 2 180 2
179 2 180 3
181 3 187 1
181 2 184 2
182 3 184 3
183 3 184 1
183 2 185 1
185 3 188 2
186 3 188 3
186 2 207 3
187 3 206 1
187 2 188 1
189 3 193 1
189 1 195 1
189 2 190 3
190 1 307 2
190 2 308 3
191 3 194 3
191 1 308 2
191 2 303 3
192 3 194 1
192 2 209 1
193 3 211 2
193 2 194 2
195 3 196 3
195 2 197 1
196 1 309 2
196 2 310 3
197 3 200 3
197 2 203 1
198 3 202 1
198 2 200 1
199 3 299 2
199 1 309 3
199 2 200 2
201 3 207 1
201 2 204 2
202 2 204 3
203 3 204 1
203 2 205 1
205 3 208 3
205 2 211 1
206 3 210 1
206 2 208 1
207 2 208 2
209 3 212 3
210 2 212 1
211 3 212 2
213 3 216 1
213 1 222 1
213 2 267 3
214 3 266 2
214 1 217 1
214 2 216 2
215 3 219 1
215 1 223 1
215 2 216 3
217 3 220 3
218 3 220 1
218 2 234 1
219 3 233 2
219 2 220 2
221 3 227 1
221 2 224 1
222 2 224 2
223 3 224 3
223 2 225 1
225 3 228 3
225 2 231 1
226 3 230 1
226 2 228 1
227 2 228 2
229 3 235 1
229 2 232 1
230 2 232 2
231 3 232 3
231 2 233 1
233 3 236 2
234 3 236 3
235 2 236 1
237 3 241 1
237 1 247 1
237 2 238 1
238 3 312 3
238 2 311 2
239 3 242 1
239 1 312 2
239 2 305 3
240 3 242 2
240 2 244 1
241 3 243 1
241 2 242 3
243 3 253 1
243 2 246 2
244 3 246 3
245 3 246 1
245 2 254 1
247 3 248 1
247 2 249 1
248 3 314 3
248 2 313 2
249 3 252 3
249 2 259 3
250 3 258 1
250 2 252 1
251 3 294 2
251 1 313 3
251 2 252 2
253 3 259 1
253 2 256 2
254 3 256 3
255 3 256 1
255 2 257 1
257 3 260 3
258 2 260 1
259 2 260 2
261 3 267 1
261 2 262 1
262 3 316 3
262 2 315 2
263 3 264 3
263 2 266 1
264 1 318 2
264 2 317 3
265 3 316 2
265 1 318 3
265 2 268 3
266 3 268 1
267 2 268 2
269 3 270 3
269 2 272 1
270 1 320 2
270 2 319 3
271 3 322 2
271 1 320 3
271 2 274 3
272 3 274 1
273 3 274 2
273 2 275 1
275 3 276 3
275 2 279 1
276 1 321 2
276 2 322 3
277 3 285 2
277 2 278 3
278 1 324 2
278 2 323 3
279 3 280 3
279 2 281 1
280 1 325 2
280 2 326 3
281 3 284 2
282 3 284 3
282 2 285 1
283 3 328 2
283 1 325 3
283 2 284 1
285 3 286 1
286 3 328 3
286 2 327 2
302 3 319 2
307 3 310 2
311 3 314 2
321 3 326 2
323 2 327 3
