0.68329286035110 -0.73014441516266
-0.89812513213323 -0.43973997661194
-0.57263026978504 -0.81981374355759
0.67480625463506 0.73799493135482
0.57282985517848 -0.81967429935079
0.94527921882586 -0.32626246865979
-0.43053421176613 0.90257425871721
-0.62127744756463 -0.78359066683287
-0.21659148297985 -0.97626232617089
0.99103792072286 0.13358083578606
-0.78905420308374 0.61432358297227
-0.77393826294919 -0.63326105607656
-0.99859062922344 0.05307311209196
0.26757615828027 -0.96353671415259
-0.86714128748800 -0.49806223259112
0.67282285854930 -0.73980362327684
-0.73933381427288 -0.67333907585459
0.88537415278775 -0.46487913437299
0.05813578494248 -0.99830868498131
-0.21032513576148 -0.97763149359404
-0.95918933246691 -0.28276460966974
-0.74490561869274 0.66716985786228
-0.12033136751924 -0.99273378203371
-0.87749636964568 -0.47958327875214
0.71257308338682 -0.70159789112610
-0.42774019353982 -0.90390172409976
0.99943661952654 -0.03356253192712
-0.86230844456514 -0.50638339865328
0.89996185619656 -0.43596864266967
0.21203992640336 -0.97726100383207
-0.29559287033313 -0.95531400858996
0.98932368468651 -0.14573485141967
-0.72372347234902 0.69009009235830
-0.31874304602389 -0.94784116317631
0.98560886661687 -0.16904189435230
0.14427157989717 -0.98953813025774
-0.93341529717383 0.35879783026362
0.61050138565593 -0.79201518805651
0.48684503219438 0.87348835975510
-0.94544578961200 -0.32577946360222
0.96086153690566 -0.27702907229260
0.42833855742818 0.90361832662931
-0.95464452212894 -0.29774794099911
0.63966592876284 -0.76865304239297
-0.14805685455489 -0.98897885104754
0.91534356317295 0.40267376542041
0.60432734355213 -0.79673613061994
-0.51853037274051 -0.85505920996478
0.99438320368663 -0.10583971006154
0.89649928073216 -0.44304518917005
-0.10606729012184 0.99435895428472
-0.65242575207174 -0.75785264928852
-0.93304234364152 -0.35976657011447
0.65603235984635 -0.75473276252885
-0.57958128994804 -0.81491443007359
0.93496184554897 -0.35474828733576
-0.47006098999892 0.88263393639789
0.93895021209768 -0.34405304707518
-0.28476104128517 0.95859853398917
-0.73633853738398 -0.67661330046284
-0.96920841043859 0.24624186714510
-0.05055733195712 -0.99872116037730
-0.84784070285234 -0.53025101846847
-0.99765202513134 0.06848676332937
-0.51153570755206 -0.85926202051482
0.69087193783387 0.72297715421283
-0.99379708004861 -0.11120864933471
0.31052705580816 -0.95056454152841
-0.56732453226561 -0.82349430786716
0.94388434208125 -0.33027617046019
-0.85458110271930 0.51931795547148
-0.13949967918292 -0.99022211624860
-0.97540110994887 -0.22043746213044
-0.81464083537001 -0.57996578291107
0.16823482237074 -0.98574694751842
0.93845825451078 -0.34539268165464
-0.11992641188598 0.99278278376096
-0.67553077038935 -0.73733179658629
-0.12852328074526 0.99170649201590
-0.85277566292682 -0.52227738675892
0.72325985324807 -0.69057598038129
0.81714258188146 0.57643559993820
0.87816052745179 -0.47836606069577
0.37548141753335 -0.92682992241681
0.57524137553282 0.81798371614300
-0.94632164504577 -0.32322645949531
-0.46304213036204 0.88633627112388
-0.93264964394750 0.36078337218420
-0.21071122649170 0.97754835124937
0.89134163479216 0.45333220720134
0.91791311627142 -0.39678143980898
0.13340323239765 0.99106184347187
-0.67569090876412 -0.73718504855533
-0.80927424213856 0.58743101808728
0.20191320654835 0.97940341893490
-0.94358570287364 -0.33112840610926
0.68012539328104 -0.73309579825171
-0.92055092552801 -0.39062257168465
0.93776921605939 -0.34725912142283
-0.58924365897747 -0.80795538883954
0.86075102376621 -0.50902620274935
-0.89885747514334 -0.43824107450003
-0.88728753114143 -0.46121669211006
0.87551636919644 -0.48318845937076
-0.99957886502210 0.02901883183616
-0.96281402372009 -0.27016505275097
-0.98347605639094 0.18103824597506
-0.99702117942404 -0.07712825539257
0.99283104015176 0.11952625532150
