0.00000000000000 1.00000000000000
-0.89812513213323 -0.43973997661194
0.68329286035110 -0.73014441516266
0.68329286035110 -0.73014441516266
-0.89812513213323 -0.43973997661194
0.68329286035110 -0.73014441516266
-0.89812513213323 -0.43973997661194
-0.57263026978504 -0.81981374355759
-0.68329286035110 0.73014441516266
-0.57263026978504 -0.81981374355759
1.00000000000000 -0.00000000000000
-0.57263026978504 -0.81981374355759
-1.00000000000000 -0.00000000000000
0.57282985517848 -0.81967429935079
0.67480625463506 0.73799493135482
0.67480625463506 0.73799493135482
0.57282985517848 -0.81967429935079
0.67480625463506 0.73799493135482
0.57282985517848 -0.81967429935079
0.95464452212894 0.29774794099911
0.00000000019870 -1.00000000000000
0.57282985531176 -0.81967429925765
-0.95464452215825 -0.29774794090514
-0.00000000023122 -1.00000000000000
-0.94527921882586 0.32626246865979
0.94527921886719 -0.32626246854002
-0.57263026994315 -0.81981374344715
-0.00002643319524 -0.99999999965064
0.62127744756463 0.78359066683287
-0.93496184554897 0.35474828733577
-0.62129375073700 -0.78357774042857
0.93496687415681 -0.35473503383432
-0.43053421176613 0.90257425871721
-0.62127744756463 -0.78359066683287
0.94527921882586 -0.32626246865979
-0.62127744756463 -0.78359066683287
-0.43053421176613 0.90257425871721
-0.43053421176613 0.90257425871721
0.94527921882586 -0.32626246865979
0.99103792072286 0.13358083578606
-0.78905420308374 0.61432358297227
-0.21659148297985 -0.97626232617089
-0.21659148297985 -0.97626232617089
0.99103792072286 0.13358083578606
-0.78905420308374 0.61432358297227
0.99103792072286 0.13358083578606
-0.78905420308374 0.61432358297227
-0.21659148297985 -0.97626232617089
-0.77393826294919 -0.63326105607656
0.78905420308374 -0.61432358297227
-0.77393826294919 -0.63326105607656
-0.77393826294919 -0.63326105607656
0.00000000000000 1.00000000000000
0.26757615828027 -0.96353671415259
-0.99859062922344 0.05307311209196
0.26757615828027 -0.96353671415259
-0.99859062922344 0.05307311209196
-0.99859062922344 0.05307311209196
0.26757615828027 -0.96353671415259
0.77393826294919 0.63326105607656
0.67282285854930 -0.73980362327684
-0.86714128748800 -0.49806223259112
-0.86714128748800 -0.49806223259112
0.67282285854930 -0.73980362327684
0.21659148297985 0.97626232617089
0.67282285854930 -0.73980362327684
-0.86714128748800 -0.49806223259112
0.88537415278775 -0.46487913437299
-0.73933381427288 -0.67333907585459
0.88537415278775 -0.46487913437299
-0.73933381427288 -0.67333907585459
-0.73933381427288 -0.67333907585459
0.88537415278775 -0.46487913437299
0.00000000000000 1.00000000000000
0.05813578494248 -0.99830868498131
0.73933381427288 0.67333907585459
0.05813578494248 -0.99830868498131
0.05813578494248 -0.99830868498131
-0.99103792072286 -0.13358083578606
0.89812513213323 0.43973997661194
-0.21032513576148 -0.97763149359404
-0.21032513576148 -0.97763149359404
-0.88537415278775 0.46487913437299
-0.21032513576148 -0.97763149359404
-0.95918933246691 -0.28276460966974
0.21032513576148 0.97763149359404
-0.95918933246691 -0.28276460966974
0.43053421176613 -0.90257425871721
-0.95918933246691 -0.28276460966974
-0.12033136751924 -0.99273378203371
-0.74490561869274 0.66716985786228
-0.12033136751924 -0.99273378203371
-0.74490561869274 0.66716985786228
-0.74490561869274 0.66716985786228
-0.12033136751924 -0.99273378203371
0.99859062922344 -0.05307311209196
0.71257308338682 -0.70159789112610
-0.87749636964568 -0.47958327875214
0.71257308338682 -0.70159789112610
-0.87749636964568 -0.47958327875214
-0.87749636964568 -0.47958327875214
0.71257308338682 -0.70159789112610
0.12033136751924 0.99273378203371
0.99943661952654 -0.03356253192712
-0.42774019353982 -0.90390172409976
0.99943661952654 -0.03356253192712
-0.42774019353982 -0.90390172409976
-0.42774019353982 -0.90390172409976
0.99943661952654 -0.03356253192712
-0.67282285854930 0.73980362327684
0.74490561869274 -0.66716985786228
-0.86230844456514 -0.50638339865328
-0.86230844456514 -0.50638339865328
0.00000000000000 1.00000000000000
-0.86230844456514 -0.50638339865328
0.89996185619656 -0.43596864266967
0.00000000000000 1.00000000000000
0.89996185619656 -0.43596864266967
0.89996185619656 -0.43596864266967
-0.67480625463506 -0.73799493135482
0.86230844456514 0.50638339865328
0.21203992640336 -0.97726100383207
0.21203992640336 -0.97726100383207
-0.89996185619656 0.43596864266967
0.21203992640336 -0.97726100383207
0.98932368468651 -0.14573485141967
-0.72372347234902 0.69009009235830
-0.29559287033313 -0.95531400858996
-0.29559287033313 -0.95531400858996
0.98932368468651 -0.14573485141967
-0.72372347234902 0.69009009235830
0.98932368468651 -0.14573485141967
-0.72372347234902 0.69009009235829
-0.29559287033313 -0.95531400858996
0.98560886661687 -0.16904189435230
-0.31874304602389 -0.94784116317631
0.98560886661687 -0.16904189435230
-0.31874304602389 -0.94784116317631
-0.31874304602389 -0.94784116317631
0.98560886661687 -0.16904189435230
-0.71257308338682 0.70159789112610
0.94358570287364 0.33112840610926
-0.61050138565593 0.79201518805651
0.00213364125290 -0.99999772378491
-0.94384234777526 -0.33039616000506
0.61144985414616 -0.79128318310491
0.87749636964568 0.47958327875214
-0.93341529717383 0.35879783026362
0.14427157989717 -0.98953813025774
0.14427157989717 -0.98953813025774
-0.93341529717383 0.35879783026362
0.14427157989717 -0.98953813025774
-0.93341529717383 0.35879783026362
0.94544578961200 0.32577946360222
-0.63966592876284 0.76865304239297
0.00002274312629 -0.99999999974138
0.63967902709617 -0.76864214189263
-0.94544926729896 -0.32576937081909
0.48684503219438 0.87348835975510
-0.94544578961200 -0.32577946360222
0.61050138565594 -0.79201518805651
-0.94544578961200 -0.32577946360222
0.48684503219438 0.87348835975510
0.48684503219438 0.87348835975510
0.61050138565594 -0.79201518805651
0.96086153690566 -0.27702907229260
-0.14427157989717 0.98953813025774
0.96086153690566 -0.27702907229260
0.96086153690566 -0.27702907229260
-0.48684503219438 -0.87348835975510
-0.95464452212894 -0.29774794099911
0.42833855742818 0.90361832662931
0.42833855742818 0.90361832662931
0.63966592876284 -0.76865304239297
-0.95464452212894 -0.29774794099911
0.63966592876284 -0.76865304239297
0.42833855742818 0.90361832662931
-0.21203992640336 0.97726100383207
-0.42833855742818 -0.90361832662931
0.93341529717383 -0.35879783026362
0.91534356317295 0.40267376542041
-0.14805685455489 -0.98897885104754
0.91534356317295 0.40267376542041
-0.14805685455489 -0.98897885104754
-0.14805685455489 -0.98897885104754
0.91534356317295 0.40267376542041
-0.98932368468651 0.14573485141967
0.42774019353982 0.90390172409976
0.60432734355213 -0.79673613061994
0.60432734355213 -0.79673613061994
-0.91534356317295 -0.40267376542041
0.60432734355213 -0.79673613061994
0.99438320368663 -0.10583971006154
-0.51853037274051 -0.85505920996478
-0.51853037274051 -0.85505920996478
0.99438320368663 -0.10583971006154
-0.60432734355213 0.79673613061994
0.99438320368663 -0.10583971006154
-0.51853037274051 -0.85505920996478
0.22122666468470 -0.97522241710929
0.65242575207174 0.75785264928852
-0.94388434208125 0.33027617046019
0.94652862756704 -0.32261983385412
-0.66579084739695 -0.74613842383465
-0.10606729012184 0.99435895428472
-0.65242575207174 -0.75785264928852
0.89649928073216 -0.44304518917005
0.89649928073215 -0.44304518917005
-0.10606729012184 0.99435895428472
-0.65242575207174 -0.75785264928852
-0.10606729012184 0.99435895428472
0.89649928073216 -0.44304518917005
0.85277566292682 0.52227738675892
-0.65603235984635 0.75473276252885
-0.12374697229236 -0.99231380462456
-0.86150957351527 -0.50774132660394
0.67359439401614 -0.73910120575604
0.93304234364152 0.35976657011447
-0.99957886502210 0.02901883183616
-0.19943100658087 -0.97991187033026
-0.93366702597394 -0.35814226867123
0.99958360965232 -0.02885493570329
-0.93304234364152 -0.35976657011447
0.65603235984635 -0.75473276252885
0.51853037274051 0.85505920996478
-0.93304234364152 -0.35976657011447
0.65603235984635 -0.75473276252885
0.93496184554897 -0.35474828733577
-0.47006098999892 0.88263393639789
-0.57958128994804 -0.81491443007359
-0.57958128994804 -0.81491443007359
0.93496184554897 -0.35474828733576
-0.47006098999892 0.88263393639789
-0.57958128994804 -0.81491443007359
-0.47006098999892 0.88263393639789
-0.00235786381646 -0.99999722023525
-0.93845825451078 0.34539268165464
-0.58070264212649 -0.81411574203384
0.93878501056776 -0.34450356156837
-0.28476104128517 0.95859853398917
-0.73633853738398 -0.67661330046284
0.93895021209768 -0.34405304707518
0.93895021209768 -0.34405304707518
-0.28476104128517 0.95859853398917
-0.73633853738398 -0.67661330046284
-0.28476104128517 0.95859853398917
-0.73633853738398 -0.67661330046284
0.93895021209768 -0.34405304707518
-0.05055733195712 -0.99872116037730
-0.96920841043859 0.24624186714510
-0.05055733195712 -0.99872116037730
-0.96920841043859 0.24624186714510
-0.96920841043859 0.24624186714510
-0.05055733195712 -0.99872116037730
0.86714128748800 0.49806223259112
0.72372347234902 -0.69009009235829
-0.84784070285234 -0.53025101846847
-0.84784070285234 -0.53025101846848
0.05055733195712 0.99872116037730
-0.84784070285234 -0.53025101846847
0.28476104128517 -0.95859853398917
-0.99765202513134 0.06848676332937
-0.99765202513134 0.06848676332937
0.84784070285234 0.53025101846847
-0.99765202513134 0.06848676332937
-0.51153570755206 -0.85926202051482
-0.26757615828027 0.96353671415259
-0.51153570755206 -0.85926202051482
0.96920841043859 -0.24624186714510
-0.51153570755206 -0.85926202051482
-0.99379708004861 -0.11120864933470
0.31052705580816 -0.95056454152841
0.69087193783387 0.72297715421283
0.69087193783387 0.72297715421283
-0.99379708004861 -0.11120864933470
0.31052705580816 -0.95056454152841
-0.99379708004861 -0.11120864933471
0.31052705580816 -0.95056454152841
0.69087193783387 0.72297715421283
0.12374697229236 -0.99231380462456
0.56732453226561 0.82349430786716
-0.91791311627142 0.39678143980898
-0.58631406190961 -0.81008383566583
0.92348132513497 -0.38364337883894
0.94388434208125 -0.33027617046019
-0.31052705580816 0.95056454152841
-0.56732453226561 -0.82349430786716
0.94388434208125 -0.33027617046019
-0.56732453226561 -0.82349430786716
-0.13949967918292 -0.99022211624860
-0.85458110271930 0.51931795547148
-0.13949967918292 -0.99022211624860
-0.85458110271930 0.51931795547148
-0.85458110271930 0.51931795547148
-0.13949967918292 -0.99022211624860
0.95918933246691 0.28276460966974
0.47006098999892 -0.88263393639789
-0.97540110994887 -0.22043746213044
-0.97540110994887 -0.22043746213044
0.13949967918292 0.99022211624860
-0.97540110994887 -0.22043746213044
-0.81464083537001 -0.57996578291107
-0.05813578494248 0.99830868498131
-0.81464083537001 -0.57996578291107
0.85458110271930 -0.51931795547148
-0.81464083537001 -0.57996578291107
0.16823482237074 -0.98574694751842
0.81464083537001 0.57996578291107
0.16823482237074 -0.98574694751842
0.16823482237074 -0.98574694751842
-0.99943661952654 0.03356253192712
0.67553077038935 0.73733179658629
-0.96281402372009 -0.27016505275097
-0.01430884921186 -0.99989762317661
-0.67663387749021 -0.73631962885188
0.96302712955220 0.26940443156425
-0.11992641188598 0.99278278376096
-0.67553077038935 -0.73733179658629
0.93845825451078 -0.34539268165464
-0.67553077038935 -0.73733179658629
-0.11992641188598 0.99278278376096
-0.11992641188598 0.99278278376096
0.93845825451078 -0.34539268165464
-0.04603637436677 -0.99893976406746
-0.72325985324807 0.69057598038129
-0.96391299133524 -0.26621747714068
0.72901535741205 -0.68449734013901
-0.85277566292682 -0.52227738675892
-0.12852328074526 0.99170649201590
-0.12852328074526 0.99170649201590
0.72325985324807 -0.69057598038129
-0.85277566292682 -0.52227738675892
0.72325985324807 -0.69057598038129
-0.12852328074526 0.99170649201590
0.81714258188146 0.57643559993820
0.12852328074526 -0.99170649201590
0.81714258188146 0.57643559993820
-0.99438320368663 0.10583971006154
0.81714258188146 0.57643559993820
-0.16823482237074 0.98574694751842
0.87816052745179 -0.47836606069577
0.87816052745179 -0.47836606069577
-0.81714258188146 -0.57643559993820
0.87816052745179 -0.47836606069577
-0.87816052745179 0.47836606069577
0.11992641188598 -0.99278278376096
0.97540110994887 0.22043746213044
0.57524137553282 0.81798371614300
-0.94632164504577 -0.32322645949531
0.37548141753335 -0.92682992241681
0.37548141753335 -0.92682992241681
0.57524137553282 0.81798371614300
-0.94632164504577 -0.32322645949531
0.57524137553282 0.81798371614300
-0.94632164504577 -0.32322645949531
0.37548141753335 -0.92682992241681
-0.46304213036204 0.88633627112388
-0.57524137553282 -0.81798371614300
-0.46304213036204 0.88633627112388
-0.46304213036204 0.88633627112388
0.99765202513134 -0.06848676332937
-0.93264964394750 0.36078337218420
0.94632164504577 0.32322645949531
-0.93264964394750 0.36078337218420
0.10606729012183 -0.99435895428472
-0.93264964394750 0.36078337218420
-0.69087193783387 -0.72297715421283
-0.21071122649170 0.97754835124937
-0.21071122649170 0.97754835124937
0.93264964394750 -0.36078337218420
-0.21071122649170 0.97754835124937
0.89134163479216 0.45333220720134
0.21071122649170 -0.97754835124937
0.89134163479216 0.45333220720134
-0.98560886661687 0.16904189435230
0.89134163479216 0.45333220720134
0.51153570755206 0.85926202051482
-0.89134163479216 -0.45333220720134
0.46304213036204 -0.88633627112388
0.67569090876412 0.73718504855533
-0.98347605639094 0.18103824597505
0.04603637436677 -0.99893976406746
0.98399241156053 -0.17821036443288
-0.68199514184003 -0.73135670264693
0.13340323239765 0.99106184347187
-0.67569090876412 -0.73718504855533
0.91791311627142 -0.39678143980898
-0.67569090876412 -0.73718504855533
0.13340323239765 0.99106184347187
0.13340323239765 0.99106184347187
0.91791311627142 -0.39678143980898
-0.80927424213856 0.58743101808728
0.99379708004861 0.11120864933471
-0.80927424213856 0.58743101808728
-0.13340323239765 -0.99106184347187
-0.80927424213856 0.58743101808728
0.01384868186116 -0.99990410240718
-0.68012539328104 0.73309579825171
0.68138269390148 -0.73192733549962
-0.98358802592915 0.18042892021181
-0.94358570287364 -0.33112840610926
0.20191320654835 0.97940341893490
0.20191320654835 0.97940341893490
0.68012539328104 -0.73309579825171
-0.94358570287364 -0.33112840610926
0.68012539328104 -0.73309579825171
0.20191320654835 0.97940341893490
-0.92055092552801 -0.39062257168465
0.31874304602389 0.94784116317631
-0.92055092552801 -0.39062257168465
0.80927424213856 -0.58743101808728
-0.92055092552801 -0.39062257168465
-0.20191320654835 -0.97940341893490
0.92055092552801 0.39062257168465
-0.96086153690566 0.27702907229260
0.58924365897747 0.80795538883953
0.24599165228536 -0.96927194687865
0.89340733425081 -0.44924752098020
-0.57890015980913 -0.81539843326620
0.11474963942858 -0.99339444343675
-0.93776921605939 0.34725912142283
-0.71018472753984 -0.70401537821923
0.92997778982411 -0.36761571026531
-0.58924365897747 -0.80795538883954
0.93776921605939 -0.34725912142283
-0.37548141753335 0.92682992241681
-0.58924365897747 -0.80795538883954
0.93776921605939 -0.34725912142283
-0.24093854739175 -0.97054037339039
-0.86075102376621 0.50902620274935
-0.99958257001174 0.02889092813884
0.86186991138600 -0.50712942711647
-0.89885747514334 -0.43824107450003
0.86075102376621 -0.50902620274935
0.14805685455489 0.98897885104754
-0.89885747514334 -0.43824107450003
0.86075102376621 -0.50902620274935
-0.89885747514334 -0.43824107450003
-0.25755579576171 -0.96626342788577
-0.99702117942404 -0.07712825539257
-0.89885755665135 -0.43824090732241
0.99702118257632 0.07712821464367
0.99283104015176 0.11952625532150
-0.06352201985918 -0.99798043717951
-0.99261505172307 -0.12130687982470
0.93720794226800 -0.34877108961292
-0.23608201982072 -0.97173313204674
-0.87551636919644 0.48318845937076
-0.99697923183950 -0.07766859906506
0.87384736328403 -0.48620035549302
-0.88728753114143 -0.46121669211006
0.87551636919644 -0.48318845937076
-0.88728753114143 -0.46121669211006
-0.88728753114143 -0.46121669211006
0.87551636919644 -0.48318845937076
0.29559287033313 0.95531400858996
-0.16928782132849 -0.98556665606637
0.99269093571114 0.12068432440438
-0.88556028322701 -0.46452447165990
-0.99957886502210 0.02901883183616
-0.96281402372009 -0.27016505275097
-0.98347605639094 0.18103824597506
-0.99702117942404 -0.07712825539257
0.99283104015176 0.11952625532150
